100128733
100609854
103098199
104461010
104663951
105353349
105644361
106063136
106523243
107254916
109116477
109739453
110271997
110407287
110487521
111132945
111810785
111911088
111954214
112359850
113090879
114905321
117054970
117472133
11751938
117985210
119016818
119106807
119352395
121935964
122913344
123100446
123339431
123516498
123644654
124380542
124382854
124615500
124725165
124840026
124968726
125158583
125238395
125778447
125882158
125935840
126324320
126717292
126955329
128376799
12887099
131957053
134350885
134466645
134875233
135209297
135394545
135745798
136599647
13744974
137648167
137676284
138126899
138789613
139719812
140813466
141291493
142405071
142582584
142652063
142853618
144951209
145418188
146210596
146337332
147744117
147765378
148382517
148971922
151494140
152299357
152640414
152766360
153889611
155683262
155927098
158234392
160078335
160368149
160562923
161177506
161819985
162059015
162916297
164089272
164217786
164740957
165052675
165352673
165465865
165596728
165649634
166165790
167538717
167960241
168622349
170080018
170242848
171964842
172844588
173417172
173953937
177529990
177586010
178007143
178267472
180098527
181025612
182334900
184116675
185817166
186762623
189429827
189642076
190311164
191208555
191637950
191774389
193106871
193172978
1942868
194470385
194856189
195646941
195795154
196519722
197304499
197306054
198733512
198805966
199260504
200874778
201178785
202883128
203355484
203889790
204143040
204257324
204971516
205691936
206070461
206387684
207142664
207686458
209584542
212182134
213389276
213659547
214909555
215112075
215567875
216697783
216971950
217358629
218267339
219698333
219994813
221795006
223001668
224011243
226756801
226768205
226844732
227427476
227924458
229264400
229798097
230057694
231000440
231684372
232527593
232869225
233645894
233796252
233818518
236347344
236803640
236848053
237554289
237683625
237712904
237762337
237778317
238518291
239089491
240562244
240626044
241003554
241349841
241826421
241831050
242554897
242805148
242877184
243673006
243891539
245224987
247053421
249005892
249219532
249574336
249810918
250515552
250815109
251788858
251994132
252018017
252312428
252677521
253006040
253008513
253127057
254054155
254876159
254975825
255104959
255902052
256364363
256773236
257278610
257455868
257546764
257864613
258139882
258907909
260435284
26193402
262030449
262113162
262620150
264628861
265593764
266373331
266427193
268821247
269319233
270362550
271393904
2714940
272301435
274311148
274804292
275506627
275767349
275828239
276080088
276133757
276358099
276561680
276844933
276864883
276936956
276982662
277139949
277747891
278755128
279082586
279782663
280861207
280984726
281186239
282376607
283334178
283515454
283910316
284829074
286538949
287026785
288067187
289699820
290021959
290422921
290977711
291135290
292432169
293004746
293133897
293294393
293928566
293983703
29571115
297060720
297164364
297351850
297483614
298414283
299502153
299956395
300273148
300747588
300819682
301187302
301667202
301887488
302108025
302303324
303839871
304137868
305880691
306447205
306957674
307511788
307597053
307775807
308438813
309530203
309994815
310678125
312298899
312382453
313997427
314180914
3142736
314581052
314793271
314884853
315101102
315745377
316243830
316845247
318414420
319038966
319059017
321767859
322804754
323473381
325129195
326285558
327095389
327144002
327656945
327808723
327821997
330180602
331225475
331249830
331590257
332757810
332949536
333024520
333355774
333447609
333762142
33403045
335183188
336091395
338236755
338257487
338265311
338678077
338890454
339674946
340095139
340299186
340367486
340398518
340935610
342347475
343031015
343874704
344022549
345700174
346488881
346826327
348849907
349710890
350997921
352324665
352421799
353576884
353899716
354201270
354263050
354433272
355698529
355982564
356251010
356255101
356798708
356974655
357078052
357393408
357673845
357685103
357751985
357820542
357917777
358515219
358626898
358740994
358828828
360014350
360091879
360205387
360208012
362116972
362239747
362656185
362787387
363170953
363212110
364263441
364619355
364996396
365327091
365365596
365952376
366509492
366898983
367494211
367785239
368238857
368919509
368934013
369112993
369436711
370216187
370764787
371134711
371242752
371426091
371521636
371627339
371776833
371997977
372130327
372397621
3727319
374154033
374484734
374755433
374960646
375057878
375202909
375284437
375434729
3754611
376084566
376315712
376322432
377268094
378711420
379010367
379513684
379539090
379678142
380149175
380284946
380358036
381163320
381346915
381348231
381498247
381535026
381896960
381932271
382027299
382173990
382252215
382255230
382382543
383039844
383081999
383235128
384419107
384728675
385145048
385216880
385566607
385573290
385707316
385739380
385884941
386282794
386764919
386930426
386945237
387058361
387158730
387702400
388243436
388266308
388619305
389211425
389373425
389846648
389868312
389884506
390072109
391266887
391460014
391626821
391797245
392261669
392710953
392761714
392781840
393173776
393678361
393907991
394059466
394849649
395123916
395166741
395359384
395399448
395681320
395930787
396440555
396442987
396448102
397020003
397079435
397224678
397267238
397470144
397475398
397609953
398120886
398133772
398434061
398632809
398993691
399715697
4004295
400495521
400526154
401056628
401370157
401534866
402009321
402704349
402881467
404425762
404708440
405549727
405594587
405635979
406791103
406892261
407085694
4072992
407322556
407375400
4093212
410206347
410223710
410539676
410851069
415343603
43410894
45563169
46307994
5351513
55534854
56169294
6186073
63485609
79024391
79441521
84451216
88030976
93172571
98158845
98663494
98988780
99432096
99803744
99919916
