301887488
354263050
392781840
242554897
380284946
364263441
251994132
238518291
167538717
332949536
134350885
392261669
137648167
369436711
29571115
99919916
204257324
346488881
275767349
202883128
226844732
314581052
356974655
189429827
240562244
391626821
185817166
376084566
5351513
124840026
121935964
302303324
136599647
250515552
134875233
371521636
374755433
313997427
386764919
357820542
340367486
382255230
147765378
105353349
290422921
410206347
340095139
33403045
331249830
299956395
283910316
111911088
277747891
197304499
226756801
298414283
229798097
195795154
266373331
386945237
385145048
253006040
125935840
111810785
301187302
360091879
114905321
356798708
326285558
371134711
354433272
276936956
98158845
381896960
165052675
336091395
135745798
79024391
368238857
168622349
111132945
231684372
395399448
398993691
217358629
397267238
111954214
292432169
293294393
338678077
131957053
307775807
113090879
388266308
105644361
135209297
199260504
365365596
255902052
383039844
396448102
297060720
385216880
392761714
231000440
240626044
376322432
331225475
276844933
381348231
215112075
253127057
148971922
233818518
242805148
209584542
282376607
112359850
171964842
385573290
321767859
340398518
362656185
333447609
191637950
155683262
204143040
397470144
4004295
249219532
198805966
382382543
405594587
206387684
227924458
307511788
277139949
194470385
391797245
160078335
254876159
11751938
374960646
257546764
398133772
360014350
125778447
358515219
372130327
280861207
349710890
155927098
362787387
283515454
122913344
327144002
391266887
290021959
299502153
389884506
99803744
106523243
310678125
331590257
237554289
3754611
385739380
241826421
214909555
264628861
407085694
303839871
253008513
250815109
257278610
46307994
233796252
142652063
405549727
123339431
297351850
327821997
216971950
387058361
206070461
221795006
219994813
387158730
104461010
173417172
375284437
397224678
98988780
138789613
123644654
381932271
365327091
314884853
190311164
333355774
268821247
242877184
162059015
385884941
393173776
389868312
200874778
358828828
170242848
382173990
392710953
371426091
374154033
381535026
332757810
148382517
142582584
266427193
207686458
300747588
400526154
153889611
124615500
181025612
56169294
13744974
379513684
93172571
397020003
306447205
252312428
401056628
357673845
301667202
117472133
276982662
381498247
397079435
405635979
104663951
173953937
152640414
400495521
265593764
257864613
237683625
236848053
216697783
193106871
340935610
402881467
164217786
406791103
249574336
276358099
368919509
138963925
397609953
224011243
325129195
396440555
370764787
415343603
312382453
262620150
33928190
357393408
358740994
6433801
229264400
322804754
395166741
205691936
404425762
241003554
357078052
388619305
401370157
383235128
352324665
12887099
147768380
109116477
269319233
367494211
223001668
98663494
213593161
319059017
360205387
119352395
3142736
357917777
134466645
404708440
6186073
327095389
410223710
375202909
315745377
381346915
178007143
191208555
247053421
271393904
262030449
256773236
212182134
125238395
368934013
203889790
139719812
107254916
177529990
363170953
241831050
174386320
343874704
227427476
280984726
395359384
140813466
219698333
395930787
391460014
357751985
125158583
382252215
316845247
353899716
286538949
395123916
241349841
338265311
165352673
165649634
300819682
355982564
343031015
402009321
135394545
119106807
370216187
194856189
55534854
279782663
333024520
367785239
371997977
4093212
166165790
123100446
106063136
389211425
45563169
384419107
386282794
314180914
385707316
314793271
2714940
309994815
379010367
371776833
371627339
226768205
363212110
178267472
161819985
338236755
260435284
243891539
1942868
335183188
189642076
203355484
297483614
252018017
232869225
306957674
396442987
126717292
394849649
399715697
119016818
147744117
365952376
302108025
272301435
378711420
356255101
124380542
186762623
356251010
237778317
252677521
284829074
312298899
380358036
350997921
340299186
366509492
182334900
380149175
164089272
109739453
379678142
184116675
275506627
293004746
43410894
142405071
375057878
293983703
276080088
195646941
180098527
375434729
327656945
193172978
142853618
389373425
319038966
117054970
26193402
151494140
137676284
300273148
110271997
204971516
215567875
237712904
383081999
275828239
160368149
344022549
393678361
245224987
4072992
283334178
382027299
395681320
407375400
183623211
172844588
138126899
146337332
372397621
236803640
165596728
251788858
274804292
397475398
293133897
297164364
338257487
358626898
123516498
318414420
346826327
279082586
364619355
309530203
333762142
126324320
287026785
384728675
79441521
305880691
288067187
293928566
110407287
389846648
387702400
124382854
304137868
360208012
379539090
410539676
99432096
201178785
63485609
167960241
191774389
354201270
228095675
397395650
197306054
198733512
394059466
218267339
327808723
342347475
338890454
230057694
406892261
232527593
258139882
160562923
348849907
386930426
257455868
307597053
410851069
374484734
371242752
88030976
362239747
258907909
207142664
165465865
254054155
398434061
276561680
170080018
124968726
393907991
158234392
308438813
237762337
146210596
366898983
196519722
364996396
390072109
125882158
278755128
381163320
291135290
100609854
376315712
126955329
339674946
249005892
233645894
256364363
345700174
254975825
239089491
103098199
177586010
164740957
152299357
355698529
398632809
362116972
357685103
276864883
316243830
276133757
377268094
262113162
385566607
84451216
401534866
152766360
213659547
369112993
161177506
352421799
144951209
124725165
315101102
290977711
243673006
353576884
398120886
270362550
117985210
407322556
255104959
281186239
162916297
145418188
236347344
3727319
213389276
402704349
100128733
128376799
110487521
141291493
249810918
323473381
274311148
388243436
289699820
330180602
