354263050
392781840
337410066
238518291
167538717
332949536
379344929
369436711
242276391
29571115
99919916
204257324
192440366
411492401
346488881
275767349
202883128
314581052
356974655
388792383
240562244
391626821
185817166
376084566
5351513
302303324
250515552
134875233
371521636
374755433
386764919
382255230
105353349
412596366
373780632
33403045
331249830
283910316
111911088
197304499
277747891
373881013
258138317
229798097
266373331
386945237
385145048
374839520
125935840
111810785
360091879
356798708
326285558
371134711
354433272
302258426
98158845
381896960
165052675
336091395
351781125
4088069
79024391
344776966
368238857
111132945
231684372
32721175
398993691
119413022
20179232
111954214
335716657
388614458
366870842
131957053
307775807
113090879
290787660
385151310
248115547
383039844
396448102
297060720
385216880
392761714
358826356
333906298
319537530
240626044
376322432
336525698
353536388
276844933
381348231
215112075
350570892
348289424
253127057
148971922
209584542
282376607
385573290
171964842
321767859
340398518
233957817
117115326
191637950
397470144
4004295
198805966
382382543
192788950
405594587
232958442
245719531
307511788
80591341
227924458
194470385
381342194
391797245
254876159
376539649
372036098
374960646
398133772
360014350
125778447
372130327
280861207
349710890
185834039
155927098
283515454
122913344
327144002
357036611
243685957
391266887
352045646
145826387
396311130
366600801
106523243
310678125
197927538
214909555
175028853
241826421
273691255
264628861
407085694
303839871
240278144
253008513
250815109
250774166
356086424
46307994
405549727
142652063
226417315
355236516
218839719
123339431
375818923
211339949
216971950
119536305
349065906
206070461
219994813
271971017
387158730
176786122
104461010
173417172
375284437
142897885
365230825
308265706
98988780
138789613
123644654
381932271
365327091
314884853
164838134
132061943
333355774
242877184
181971716
127019783
385884941
389868312
200874778
358828828
263129884
170242848
382173990
247665451
263512877
392479537
248124210
148382517
346452795
113429312
300747588
400526154
153889611
124615500
13744974
39879505
379513684
184001371
175018848
397020003
306447205
162397034
252312428
401056628
287949697
301667202
117472133
276982662
381498247
222659464
404620167
405635979
104663951
173953937
152640414
217555870
257864613
118150068
288932788
279145398
216697783
193106871
164217786
340935610
375053244
402881467
406791103
249574336
176149442
276358099
368919509
138963925
204004324
355496939
224011243
396440555
327734257
124337138
370764787
312382453
346618874
34845690
33928190
357393408
383775751
6433801
210256910
229264400
322804754
284867621
178603047
388619305
244827180
401370157
272344109
228217905
383235128
352324665
12887099
269319233
367494211
223001668
171795525
98663494
360205387
3142736
357917777
134466645
151706711
404708440
3664983
327095389
375202909
381346915
178007143
191208555
125815918
262030449
256773236
212182134
103894143
107254916
241831050
393344139
326931600
352547984
174386320
227427476
148372632
395359384
219698333
395930787
329911461
388590758
391460014
125785265
357751985
125158583
395123916
241349841
337603800
208014553
299437274
338265311
365227231
165352673
300819682
165649634
119106807
370216187
194856189
115543293
241007878
279782663
385662230
277972249
4093212
123100446
359419167
166165790
45563169
389211425
384419107
106063136
146175273
35720490
386282794
126455084
395371817
314180914
385707316
2714940
309994815
390323519
371776833
371627339
178267472
243891539
335183188
203355484
190704990
252018017
340131176
232869225
306957674
396442987
126717292
394849649
302108025
272301435
197010811
378711420
186762623
399103360
356251010
373175690
237778317
386377106
284829074
380358036
340299186
182334900
380149175
109739453
314801609
293004746
142405071
293983703
195646941
180098527
381351399
389373425
395185650
327656945
286316023
387020280
26193402
104539643
151494140
204971516
110271997
300273148
237712904
383081999
275828239
160368149
393678361
245224987
4072992
124266017
283334178
382027299
395681320
183623211
353062451
146337332
372397621
236803640
251788858
331152964
397475398
338257487
346826327
364619355
309530203
333762142
126324320
287026785
384728675
118359658
254871147
385623665
305880691
288067187
293928566
396344951
389846648
108299904
252905092
124382854
304137868
360208012
369837710
286776972
163063439
379539090
241450654
201178785
63485609
158252719
167960241
391237301
354201270
228095675
397395650
271312583
198733512
394059466
377521869
342347475
164490970
188518110
230057694
287712992
377200362
258139882
160562923
406873836
223743722
135040759
386930426
374484734
362239747
258907909
313513735
207142664
291100425
178820874
254054155
398434061
276561680
177018642
170080018
124968726
393907991
158234392
277716759
383084314
126631708
308438813
189574944
237762337
120147746
146210596
366898983
154861352
196519722
364996396
390072109
125882158
100609854
350162751
376315712
279097154
233645894
256364363
351395660
345700174
120977232
254975825
264216402
239089491
103098199
164740957
355698529
383690594
282093410
362116972
276864883
276133757
377268094
264406915
385566607
401534866
115967893
152766360
107761561
213659547
369112993
161177506
402880419
352421799
243673006
290977711
398120886
270362550
117985210
407322556
208865227
236347344
294272978
178902996
3727319
213389276
402704349
128376799
395814891
274311148
388243436
108556278
330180602
